FIPS,hp_emp,ltcf_res,phase_1a
1001,1037,120,1157
1003,7214,680,7894
1005,422,143,565
1007,418,119,537
1009,661,202,863
1011,69,95,164
1013,811,177,988
1015,5695,736,6431
1017,556,266,822
1019,191,160,351
1021,607,137,744
1023,265,52,317
1025,566,147,713
1027,93,165,258
1029,32,73,105
1031,1324,325,1649
1033,1494,236,1730
1035,230,55,285
1037,0,63,63
1039,983,447,1430
1041,33,134,167
1043,2570,504,3074
1045,675,264,939
1047,1029,319,1348
1049,1880,448,2328
1051,1199,331,1530
1053,696,258,954
1055,6876,770,7646
1057,338,144,482
1059,568,202,770
1061,235,164,399
1063,30,67,97
1065,54,130,184
1067,72,89,161
1069,8447,528,8975
1071,1014,259,1273
1073,62291,3792,66083
1075,81,129,210
1077,2946,582,3528
1079,501,119,620
1081,2334,235,2569
1083,1390,320,1710
1085,38,55,93
1087,240,95,335
1089,22882,1179,24061
1091,692,162,854
1093,771,300,1071
1095,2346,501,2847
1097,19177,2230,21407
1099,369,149,518
1101,15326,1099,16425
1103,5400,560,5960
1105,24,125,149
1107,318,132,450
1109,814,144,958
1111,578,147,725
1113,937,266,1203
1115,1544,305,1849
1117,5339,311,5650
1119,26,72,98
1121,1978,506,2484
1123,1161,348,1509
1125,11650,786,12436
1127,2101,533,2634
1129,31,75,106
1131,78,58,136
1133,497,175,672
2013,35,0,35
2016,85,0,85
2020,20892,461,21353
2050,270,16,286
2060,0,0,0
2068,0,0,0
2070,53,12,65
2090,3712,135,3847
2100,63,5,68
2105,24,0,24
2110,1103,106,1209
2122,3249,115,3364
2130,191,33,224
2150,356,22,378
2158,90,0,90
2164,0,0,0
2170,2695,134,2829
2180,221,17,238
2185,56,0,56
2188,0,20,20
2195,22,10,32
2198,68,0,68
2220,144,21,165
2230,0,0,0
2240,85,0,85
2261,115,19,134
2270,0,0,0
2275,123,13,136
2282,0,0,0
2290,7,0,7
4001,2207,101,2308
4003,3987,246,4233
4005,8499,202,8701
4007,1475,297,1772
4009,689,72,761
4011,69,0,69
4012,144,0,144
4013,201899,7864,209763
4015,7993,442,8435
4017,4465,253,4718
4019,51132,2630,53762
4021,7352,289,7641
4023,1447,40,1487
4025,12090,549,12639
4027,4489,408,4897
5001,378,173,551
5003,373,166,539
5005,1751,224,1975
5007,7489,1042,8531
5009,1226,296,1522
5011,270,100,370
5013,0,0,0
5015,387,144,531
5017,410,97,507
5019,537,166,703
5021,406,194,600
5023,425,176,601
5025,0,69,69
5027,680,206,886
5029,594,107,701
5031,5127,724,5851
5033,1134,364,1498
5035,1163,297,1460
5037,546,127,673
5039,536,84,620
5041,155,73,228
5043,736,191,927
5045,3707,577,4284
5047,399,189,588
5049,204,79,283
5051,6896,821,7717
5053,235,104,339
5055,1163,277,1440
5057,593,111,704
5059,673,263,936
5061,307,162,469
5063,1251,430,1681
5065,413,136,549
5067,241,200,441
5069,1908,619,2527
5071,244,127,371
5073,33,60,93
5075,448,268,716
5077,135,55,190
5079,287,71,358
5081,65,146,211
5083,473,198,671
5085,1275,522,1797
5087,55,66,121
5089,104,143,247
5091,788,325,1113
5093,627,353,980
5095,229,70,299
5097,35,104,139
5099,359,98,457
5101,4,57,61
5103,971,251,1222
5105,154,73,227
5107,427,106,533
5109,196,91,287
5111,628,202,830
5113,666,88,754
5115,2095,486,2581
5117,42,97,139
5119,38966,2181,41147
5121,404,233,637
5123,960,129,1089
5125,3334,757,4091
5127,165,60,225
5129,83,45,128
5131,9522,783,10305
5133,188,47,235
5135,521,240,761
5137,214,102,316
5139,1198,446,1644
5141,121,110,231
5143,13061,997,14058
5145,3718,576,4294
5147,137,115,252
5149,388,220,608
6001,83024,5851,88875
6003,0,0,0
6005,781,78,859
6007,12391,857,13248
6009,558,108,666
6011,377,124,501
6013,48332,3237,51569
6015,376,109,485
6017,3842,359,4201
6019,40616,2750,43366
6021,319,59,378
6023,5141,307,5448
6025,2614,232,2846
6027,289,89,378
6029,26273,1743,28016
6031,4703,224,4927
6033,1251,252,1503
6035,487,64,551
6037,471748,37029,508777
6039,2160,352,2512
6041,12764,925,13689
6043,118,15,133
6045,3333,219,3552
6047,4535,595,5130
6049,49,66,115
6051,100,0,100
6053,14898,868,15766
6055,8652,708,9360
6057,2795,344,3139
6059,147967,6520,154487
6061,20370,1158,21528
6063,727,70,797
6065,70320,4815,75135
6067,72089,3534,75623
6069,490,76,566
6071,87226,5497,92723
6073,151731,8366,160097
6075,50450,3282,53732
6077,25763,2463,28226
6079,12251,555,12806
6081,29595,1520,31115
6083,19224,1161,20385
6085,97579,4466,102045
6087,10328,731,11059
6089,9796,1191,10987
6091,9,0,9
6093,606,101,707
6095,19079,766,19845
6097,21908,1764,23672
6099,22673,1875,24548
6101,3001,362,3363
6103,1053,143,1196
6105,80,42,122
6107,14238,1373,15611
6109,1118,219,1337
6111,33337,1694,35031
6113,4919,708,5627
6115,722,65,787
8001,21067,1764,22831
8003,935,86,1021
8005,31157,1571,32728
8007,89,78,167
8009,0,68,68
8011,38,55,93
8013,18804,913,19717
8014,2123,242,2365
8015,310,49,359
8017,0,23,23
8019,36,16,52
8021,41,69,110
8023,0,0,0
8025,0,34,34
8027,0,0,0
8029,577,184,761
8031,45098,1830,46928
8033,0,0,0
8035,12054,487,12541
8037,1239,36,1275
8039,125,29,154
8041,33867,1739,35606
8043,1296,435,1731
8045,1225,293,1518
8047,0,0,0
8049,96,0,96
8051,175,41,216
8053,0,0,0
8055,70,87,157
8057,0,0,0
8059,25656,1696,27352
8061,0,0,0
8063,108,23,131
8065,26,0,26
8067,1326,191,1517
8069,16894,1216,18110
8071,178,107,285
8073,40,19,59
8075,728,125,853
8077,10166,540,10706
8079,0,0,0
8081,317,50,367
8083,901,109,1010
8085,1688,269,1957
8087,819,214,1033
8089,651,187,838
8091,31,0,31
8093,55,0,55
8095,8,40,48
8097,206,0,206
8099,472,66,538
8101,11657,909,12566
8103,16,27,43
8105,267,146,413
8107,712,48,760
8109,69,0,69
8111,0,0,0
8113,103,0,103
8115,6,30,36
8117,696,0,696
8119,214,112,326
8121,17,39,56
8123,5727,655,6382
8125,282,66,348
9001,57207,3790,60997
9003,68622,6210,74832
9005,8194,1100,9294
9007,12023,1188,13211
9009,62949,5234,68183
9011,14277,1776,16053
9013,4825,600,5425
9015,4198,820,5018
10001,6347,873,7220
10003,38948,2371,41319
10005,10134,1140,11274
11001,58516,2741,61257
12001,23293,1206,24499
12003,299,130,429
12005,9344,395,9739
12007,521,179,700
12009,27460,2573,30033
12011,89776,4126,93902
12013,393,204,597
12015,8207,935,9142
12017,8890,975,9865
12019,8070,948,9018
12021,17925,781,18706
12023,4132,354,4486
12027,624,42,666
12029,21,51,72
12031,54237,3829,58066
12033,17734,1786,19520
12035,2194,185,2379
12037,59,72,131
12039,403,100,503
12041,528,166,694
12043,59,0,59
12045,59,70,129
12047,161,58,219
12049,802,68,870
12051,539,262,801
12053,8154,562,8716
12055,4966,452,5418
12057,80002,4068,84070
12059,71,165,236
12061,8592,739,9331
12063,956,517,1473
12065,17,108,125
12067,17,54,71
12069,17143,1456,18599
12071,33785,2374,36159
12073,15462,1143,16605
12075,402,92,494
12077,15,0,15
12079,473,192,665
12081,13664,1408,15072
12083,14598,1205,15803
12085,10371,788,11159
12086,127501,8777,136278
12087,1764,197,1961
12089,1668,205,1873
12091,7112,796,7908
12093,932,167,1099
12095,69179,4358,73537
12097,11611,1038,12649
12099,80902,5398,86300
12101,19260,2135,21395
12103,65310,7194,72504
12105,25561,2575,28136
12107,1528,304,1832
12109,5493,609,6102
12111,11204,858,12062
12113,3810,346,4156
12115,26612,2664,29276
12117,17883,1018,18901
12119,3182,211,3393
12121,964,300,1264
12123,224,123,347
12125,47,0,47
12127,25040,3241,28281
12129,81,97,178
12131,1106,185,1291
12133,380,184,564
13001,496,113,609
13003,0,0,0
13005,104,77,181
13007,0,0,0
13009,1091,415,1506
13011,109,0,109
13013,1115,148,1263
13015,2103,295,2398
13017,158,183,341
13019,213,90,303
13021,14450,1355,15805
13023,72,69,141
13025,57,52,109
13027,454,180,634
13029,507,105,612
13031,2101,227,2328
13033,389,256,645
13035,412,165,577
13037,39,54,93
13039,473,76,549
13043,257,262,519
13045,2735,312,3047
13047,1131,322,1453
13049,44,80,124
13051,17230,1090,18320
13053,35,0,35
13055,166,137,303
13057,4455,373,4828
13059,9340,392,9732
13061,0,53,53
13063,6288,576,6864
13065,90,75,165
13067,30450,1733,32183
13069,1270,125,1395
13071,642,292,934
13073,3375,284,3659
13075,222,97,319
13077,2821,179,3000
13079,0,86,86
13081,758,121,879
13083,117,63,180
13085,319,0,319
13087,231,190,421
13089,39919,2281,42200
13091,603,179,782
13093,19,72,91
13095,4215,459,4674
13097,3353,226,3579
13099,328,75,403
13101,0,0,0
13103,280,96,376
13105,320,138,458
13107,398,209,607
13109,143,52,195
13111,556,68,624
13113,3948,245,4193
13115,7975,604,8579
13117,5076,180,5256
13119,317,87,404
13121,73482,3229,76711
13123,413,90,503
13125,0,72,72
13127,2807,479,3286
13129,915,172,1087
13131,294,110,404
13133,511,86,597
13135,25691,1175,26866
13137,602,164,766
13139,6513,563,7076
13141,14,99,113
13143,378,205,583
13145,194,92,286
13147,158,166,324
13149,0,71,71
13151,7092,195,7287
13153,3648,444,4092
13155,14,105,119
13157,774,185,959
13159,52,52,104
13161,83,62,145
13163,312,88,400
13165,48,72,120
13167,189,135,324
13169,325,137,462
13171,281,88,369
13173,42,58,100
13175,1458,310,1768
13177,303,52,355
13179,721,110,831
13181,35,0,35
13183,0,98,98
13185,4067,372,4439
13187,470,133,603
13189,691,103,794
13191,36,0,36
13193,320,219,539
13195,120,91,211
13197,24,55,79
13199,747,162,909
13201,41,130,171
13205,106,129,235
13207,864,247,1111
13209,0,0,0
13211,296,60,356
13213,220,114,334
13215,13824,843,14667
13217,1300,321,1621
13219,1484,74,1558
13221,14,49,63
13223,1310,160,1470
13225,131,58,189
13227,675,146,821
13229,62,0,62
13231,204,0,204
13233,583,240,823
13235,428,86,514
13237,131,66,197
13239,0,0,0
13241,354,87,441
13243,26,66,92
13245,22954,904,23858
13247,2139,236,2375
13249,0,0,0
13251,0,62,62
13253,57,60,117
13255,2143,277,2420
13257,638,147,785
13259,37,71,108
13261,1026,287,1313
13263,12,0,12
13265,0,0,0
13267,244,211,455
13269,142,92,234
13271,179,158,337
13273,132,47,179
13275,1584,228,1812
13277,820,254,1074
13279,1276,291,1567
13281,156,101,257
13283,49,43,92
13285,1787,323,2110
13287,101,62,163
13289,112,100,212
13291,461,137,598
13293,703,289,992
13295,682,292,974
13297,1459,193,1652
13299,1609,527,2136
13301,0,63,63
13303,453,241,694
13305,607,211,818
13307,0,0,0
13309,0,45,45
13311,676,117,793
13313,3246,391,3637
13315,71,128,199
13317,296,37,333
13319,111,47,158
13321,55,91,146
15001,6311,866,7177
15003,44216,2685,46901
15005,0,0,0
15007,2641,284,2925
15009,5780,682,6462
16001,31303,1148,32451
16003,44,0,44
16005,3083,212,3295
16007,33,33,66
16009,22,57,79
16011,1583,69,1652
16013,363,31,394
16015,23,0,23
16017,1160,135,1295
16019,5572,271,5843
16021,447,23,470
16023,0,0,0
16025,0,0,0
16027,4497,489,4986
16029,55,22,77
16031,830,146,976
16033,0,0,0
16035,76,40,116
16037,52,0,52
16039,315,14,329
16041,84,26,110
16043,123,28,151
16045,483,61,544
16047,388,27,415
16049,266,37,303
16051,186,0,186
16053,338,0,338
16055,9465,545,10010
16057,716,102,818
16059,285,23,308
16061,5,0,5
16063,0,32,32
16065,992,71,1063
16067,156,35,191
16069,2026,297,2323
16071,9,19,28
16073,69,51,120
16075,759,46,805
16077,23,15,38
16079,412,110,522
16081,110,0,110
16083,3697,266,3963
16085,243,26,269
16087,179,40,219
17001,3141,529,3670
17003,57,0,57
17005,226,58,284
17007,640,203,843
17009,110,107,217
17011,741,297,1038
17013,0,69,69
17015,236,123,359
17017,301,135,436
17019,11000,451,11451
17021,800,271,1071
17023,322,135,457
17025,274,86,360
17027,1149,208,1357
17029,2499,441,2940
17031,289331,28775,318106
17033,300,99,399
17035,242,94,336
17037,4149,500,4649
17039,320,147,467
17041,287,193,480
17043,57830,3761,61591
17045,523,202,725
17047,36,18,54
17049,1659,241,1900
17051,338,140,478
17053,594,264,858
17055,552,240,792
17057,1045,301,1346
17059,15,40,55
17061,54,104,158
17063,1156,175,1331
17065,193,58,251
17067,285,85,370
17069,119,34,153
17071,55,37,92
17073,1037,389,1426
17075,1258,328,1586
17077,2123,154,2277
17079,35,41,76
17081,2049,237,2286
17083,307,288,595
17085,328,101,429
17087,141,42,183
17089,21543,2155,23698
17091,3818,367,4185
17093,1270,124,1394
17095,2219,593,2812
17097,30815,2434,33249
17099,4154,714,4868
17101,281,123,404
17103,1177,187,1364
17105,1062,369,1431
17107,878,337,1215
17109,1032,239,1271
17111,9677,697,10374
17113,4768,481,5249
17115,7698,658,8356
17117,1046,356,1402
17119,11941,1425,13366
17121,1433,330,1763
17123,437,217,654
17125,218,98,316
17127,469,167,636
17129,36,86,122
17131,198,95,293
17133,556,192,748
17135,733,332,1065
17137,1210,385,1595
17139,734,189,923
17141,1035,449,1484
17143,22351,1461,23812
17145,326,154,480
17147,169,115,284
17149,502,175,677
17151,0,0,0
17153,28,0,28
17155,9,0,9
17157,2031,237,2268
17159,348,219,567
17161,8255,838,9093
17163,11817,1617,13434
17165,1419,272,1691
17167,16701,776,17477
17169,47,79,126
17171,12,36,48
17173,385,142,527
17175,35,77,112
17177,1650,511,2161
17179,4263,646,4909
17181,726,134,860
17183,4212,563,4775
17185,57,76,133
17187,382,115,497
17189,148,92,240
17191,432,127,559
17193,500,237,737
17195,1633,512,2145
17197,23800,1877,25677
17199,5326,351,5677
17201,17459,1671,19130
17203,1011,452,1463
18001,1025,218,1243
18003,30683,2355,33038
18005,4098,380,4478
18007,51,42,93
18009,362,89,451
18011,1262,266,1528
18013,414,103,517
18015,287,67,354
18017,1212,298,1510
18019,5883,555,6438
18021,412,134,546
18023,950,336,1286
18025,103,53,156
18027,610,260,870
18029,1529,230,1759
18031,719,260,979
18033,999,310,1309
18035,9484,919,10403
18037,1833,446,2279
18039,9992,1148,11140
18041,864,235,1099
18043,3576,761,4337
18045,248,97,345
18047,385,38,423
18049,340,66,406
18051,952,247,1199
18053,4902,599,5501
18055,650,171,821
18057,17705,1175,18880
18059,1536,346,1882
18061,645,249,894
18063,4158,823,4981
18065,1708,294,2002
18067,6068,476,6544
18069,1392,374,1766
18071,1621,333,1954
18073,510,204,714
18075,624,101,725
18077,856,312,1168
18079,623,121,744
18081,5747,1039,6786
18083,1520,335,1855
18085,3228,400,3628
18087,568,122,690
18089,31911,2335,34246
18091,3181,433,3614
18093,1787,366,2153
18095,6144,717,6861
18097,76055,4380,80435
18099,1768,513,2281
18101,45,51,96
18103,617,219,836
18105,8958,605,9563
18107,966,201,1167
18109,1207,357,1564
18111,45,54,99
18113,788,382,1170
18115,25,42,67
18117,467,134,601
18119,568,154,722
18121,75,0,75
18123,419,130,549
18125,53,113,166
18127,8141,775,8916
18129,257,94,351
18131,273,105,378
18133,951,230,1181
18135,576,185,761
18137,999,264,1263
18139,294,100,394
18141,15932,1485,17417
18143,769,243,1012
18145,708,385,1093
18147,216,111,327
18149,393,100,493
18151,640,138,778
18153,186,103,289
18155,97,53,150
18157,11131,825,11956
18159,295,124,419
18161,28,30,58
18163,18145,1233,19378
18165,378,141,519
18167,8757,725,9482
18169,1557,562,2119
18171,32,54,86
18173,3743,538,4281
18175,393,150,543
18177,3409,631,4040
18179,954,287,1241
18181,598,126,724
18183,795,115,910
19001,208,140,348
19003,138,31,169
19005,657,169,826
19007,339,118,457
19009,173,94,267
19011,486,168,654
19013,9858,912,10770
19015,1011,252,1263
19017,1597,183,1780
19019,375,100,475
19021,595,168,763
19023,411,167,578
19025,363,179,542
19027,1131,237,1368
19029,661,187,848
19031,409,182,591
19033,3358,443,3801
19035,443,170,613
19037,302,94,396
19039,309,157,466
19041,885,157,1042
19043,616,199,815
19045,1480,260,1740
19047,380,164,544
19049,2424,329,2753
19051,51,84,135
19053,236,83,319
19055,445,110,555
19057,1737,298,2035
19059,513,130,643
19061,7397,752,8149
19063,420,128,548
19065,727,223,950
19067,952,141,1093
19069,258,132,390
19071,198,79,277
19073,94,85,179
19075,463,140,603
19077,186,84,270
19079,389,166,555
19081,377,121,498
19083,679,236,915
19085,612,257,869
19087,640,206,846
19089,280,126,406
19091,175,87,262
19093,284,110,394
19095,450,180,630
19097,458,134,592
19099,881,272,1153
19101,313,164,477
19103,16399,427,16826
19105,440,123,563
19107,173,99,272
19109,491,156,647
19111,1252,361,1613
19113,8962,1177,10139
19115,299,113,412
19117,233,45,278
19119,256,140,396
19121,264,104,368
19123,466,210,676
19125,1110,262,1372
19127,1001,646,1647
19129,563,91,654
19131,355,171,526
19133,361,170,531
19135,215,86,301
19137,284,150,434
19139,1098,329,1427
19141,908,237,1145
19143,118,77,195
19145,1395,122,1517
19147,373,181,554
19149,723,236,959
19151,33,102,135
19153,29908,2077,31985
19155,2604,440,3044
19157,646,182,828
19159,185,97,282
19161,251,128,379
19163,11816,879,12695
19165,516,107,623
19167,1628,299,1927
19169,3079,403,3482
19171,364,222,586
19173,260,48,308
19175,463,86,549
19177,15,53,68
19179,1354,212,1566
19181,988,356,1344
19183,721,279,1000
19185,15,62,77
19187,1581,373,1954
19189,344,113,457
19191,665,158,823
19193,5930,680,6610
19195,76,63,139
19197,293,115,408
20001,262,65,327
20003,107,71,178
20005,433,112,545
20007,9,22,31
20009,1711,134,1845
20011,464,46,510
20013,317,68,385
20015,1480,463,1943
20017,0,24,24
20019,23,46,69
20021,602,142,744
20023,40,28,68
20025,0,27,27
20027,201,85,286
20029,455,122,577
20031,122,72,194
20033,0,68,68
20035,1099,320,1419
20037,1331,293,1624
20039,7,38,45
20041,307,202,509
20043,142,72,214
20045,3613,314,3927
20047,10,25,35
20049,0,7,7
20051,1302,175,1477
20053,212,73,285
20055,701,165,866
20057,699,194,893
20059,865,169,1034
20061,310,74,384
20063,48,40,88
20065,15,33,48
20067,51,42,93
20069,175,79,254
20071,0,25,25
20073,84,46,130
20075,0,0,0
20077,23,67,90
20079,1536,492,2028
20081,0,40,40
20083,0,0,0
20085,315,42,357
20087,218,133,351
20089,0,0,0
20091,35186,2734,37920
20093,13,34,47
20095,216,92,308
20097,0,44,44
20099,2113,167,2280
20101,0,0,0
20103,2501,252,2753
20105,0,34,34
20107,63,0,63
20109,9,23,32
20111,1124,190,1314
20113,2127,485,2612
20115,403,222,625
20117,377,107,484
20119,7,46,53
20121,1353,196,1549
20123,293,101,394
20125,1237,237,1474
20127,83,58,141
20129,0,45,45
20131,506,218,724
20133,497,169,666
20135,48,25,73
20137,286,61,347
20139,406,115,521
20141,23,86,109
20143,50,49,99
20145,163,50,213
20147,64,68,132
20149,713,143,856
20151,332,70,402
20153,15,34,49
20155,2807,403,3210
20157,130,34,164
20159,153,91,244
20161,2454,312,2766
20163,45,55,100
20165,0,33,33
20167,152,58,210
20169,2501,342,2843
20171,29,61,90
20173,28878,2319,31197
20175,471,93,564
20177,15565,1382,16947
20179,10,32,42
20181,207,36,243
20183,106,65,171
20185,170,52,222
20187,0,23,23
20189,0,69,69
20191,692,208,900
20193,79,84,163
20195,7,32,39
20197,0,86,86
20199,0,23,23
20201,214,64,278
20203,0,7,7
20205,196,39,235
20207,0,30,30
20209,12656,701,13357
21001,211,66,277
21003,55,126,181
21005,276,81,357
21007,27,52,79
21009,1357,442,1799
21011,54,89,143
21013,673,162,835
21015,2603,388,2991
21017,150,88,238
21019,2271,274,2545
21021,1762,175,1937
21023,0,25,25
21025,423,74,497
21027,204,80,284
21029,1043,83,1126
21031,66,93,159
21033,222,70,292
21035,684,163,847
21037,1926,418,2344
21039,17,42,59
21041,188,62,250
21043,404,166,570
21045,287,79,366
21047,2997,419,3416
21049,883,150,1033
21051,285,96,381
21053,122,47,169
21055,73,71,144
21057,58,75,133
21059,4406,546,4952
21061,41,62,103
21063,56,66,122
21065,161,80,241
21067,28844,1287,30131
21069,271,72,343
21071,1723,160,1883
21073,1302,183,1485
21075,79,42,121
21077,57,98,155
21079,72,90,162
21081,204,86,290
21083,723,229,952
21085,504,119,623
21087,114,98,212
21089,966,230,1196
21091,56,41,97
21093,6620,492,7112
21095,604,212,816
21097,570,161,731
21099,156,88,244
21101,1309,301,1610
21103,218,54,272
21105,153,107,260
21107,1459,437,1896
21109,179,32,211
21111,58809,4567,63376
21113,1045,213,1258
21115,190,104,294
21117,9975,639,10614
21119,314,103,417
21121,878,156,1034
21123,248,125,373
21125,1804,160,1964
21127,185,99,284
21129,241,104,345
21131,97,86,183
21133,604,122,726
21135,107,86,193
21137,181,96,277
21139,152,57,209
21141,269,167,436
21143,82,85,167
21145,6364,504,6868
21147,124,49,173
21149,144,65,209
21151,2420,354,2774
21153,127,118,245
21155,541,168,709
21157,623,316,939
21159,116,87,203
21161,828,111,939
21163,210,50,260
21165,76,45,121
21167,140,128,268
21169,62,65,127
21171,126,95,221
21173,651,123,774
21175,132,45,177
21177,651,184,835
21179,641,179,820
21181,48,121,169
21183,463,204,667
21185,1860,241,2101
21187,38,90,128
21189,66,118,184
21191,190,51,241
21193,1580,282,1862
21195,1804,471,2275
21197,193,71,264
21199,3258,367,3625
21201,0,57,57
21203,112,218,330
21205,798,95,893
21207,363,103,466
21209,1017,129,1146
21211,866,130,996
21213,248,83,331
21215,68,136,204
21217,705,131,836
21219,51,54,105
21221,200,38,238
21223,38,40,78
21225,322,75,397
21227,7450,508,7958
21229,421,102,523
21231,392,57,449
21233,241,67,308
21235,1292,482,1774
21237,49,97,146
21239,462,23,485
22001,1819,606,2425
22003,413,226,639
22005,2346,271,2617
22007,29,57,86
22009,1818,580,2398
22011,473,142,615
22013,398,273,671
22015,3969,610,4579
22017,23944,2307,26251
22019,11722,1080,12802
22021,102,71,173
22023,0,0,0
22025,181,98,279
22027,342,134,476
22029,444,147,591
22031,406,115,521
22033,31488,2513,34001
22035,11,54,65
22037,1475,258,1733
22039,1081,457,1538
22041,609,278,887
22043,232,149,381
22045,2556,536,3092
22047,662,163,825
22049,216,170,386
22051,27200,1409,28609
22053,1493,318,1811
22055,21626,1178,22804
22057,3872,398,4270
22059,169,144,313
22061,2864,328,3192
22063,1441,332,1773
22065,645,111,756
22067,997,328,1325
22069,1087,256,1343
22071,21532,1567,23099
22073,11672,1101,12773
22075,349,89,438
22077,460,185,645
22079,11263,1073,12336
22081,145,94,239
22083,978,176,1154
22085,470,184,654
22087,455,0,455
22089,917,178,1095
22091,103,55,158
22093,126,86,212
22095,624,88,712
22097,4846,843,5689
22099,699,237,936
22101,973,258,1231
22103,14365,867,15232
22105,7034,578,7612
22107,0,0,0
22109,6281,541,6822
22111,510,237,747
22113,844,572,1416
22115,1522,202,1724
22117,590,249,839
22119,921,331,1252
22121,217,99,316
22123,252,112,364
22125,113,114,227
22127,667,183,850
23001,4664,551,5215
23003,4937,491,5428
23005,29223,1549,30772
23007,786,107,893
23009,2732,171,2903
23011,11663,825,12488
23013,1646,221,1867
23015,803,162,965
23017,1550,225,1775
23019,12226,788,13014
23021,459,78,537
23023,982,102,1084
23025,2286,192,2478
23027,680,102,782
23029,908,143,1051
23031,9690,907,10597
24001,3002,705,3707
24003,18183,1475,19658
24005,54915,5492,60407
24009,2023,277,2300
24011,702,148,850
24013,5788,750,6538
24015,2157,398,2555
24017,3230,403,3633
24019,1039,174,1213
24021,8127,1065,9192
24023,1079,271,1350
24025,7520,880,8400
24027,15257,530,15787
24029,855,192,1047
24031,62557,3691,66248
24033,27545,3099,30644
24035,1067,91,1158
24037,2880,469,3349
24039,866,217,1083
24041,2258,167,2425
24043,5869,811,6680
24045,4400,428,4828
24047,1553,226,1779
24510,68620,4339,72959
25001,14138,1463,15601
25003,9538,1214,10752
25005,34925,3252,38177
25007,315,171,486
25009,47763,4157,51920
25011,2136,340,2476
25013,35633,3350,38983
25015,5385,631,6016
25017,97800,7322,105122
25019,171,45,216
25021,42622,3318,45940
25023,29849,2534,32383
25025,123170,3952,127122
25027,58225,4885,63110
26001,108,54,162
26003,60,74,134
26005,2416,536,2952
26007,1021,132,1153
26009,213,114,327
26011,360,52,412
26013,85,46,131
26015,766,231,997
26017,4368,466,4834
26019,159,101,260
26021,4777,670,5447
26023,1283,247,1530
26025,8893,591,9484
26027,611,193,804
26029,981,169,1150
26031,623,65,688
26033,800,106,906
26035,595,135,730
26037,1546,202,1748
26039,284,77,361
26041,936,200,1136
26043,769,128,897
26045,2326,460,2786
26047,1516,194,1710
26049,23955,1330,25285
26051,469,113,582
26053,227,153,380
26055,5134,421,5555
26057,1555,396,1951
26059,660,168,828
26061,1024,320,1344
26063,1718,227,1945
26065,18118,796,18914
26067,737,190,927
26069,697,163,860
26071,77,205,282
26073,2094,214,2308
26075,5288,535,5823
26077,17972,814,18786
26079,116,90,206
26081,46299,2167,48466
26083,0,0,0
26085,128,64,192
26087,1754,342,2096
26089,472,88,560
26091,2156,314,2470
26093,4827,467,5294
26095,102,30,132
26097,127,47,174
26099,35641,3294,38935
26101,449,65,514
26103,2903,416,3319
26105,537,172,709
26107,777,152,929
26109,172,226,398
26111,3125,242,3367
26113,279,66,345
26115,3042,569,3611
26117,2518,222,2740
26119,120,36,156
26121,9092,499,9591
26123,992,168,1160
26125,101963,3635,105598
26127,237,92,329
26129,869,127,996
26131,40,36,76
26133,665,46,711
26135,33,32,65
26137,689,93,782
26139,9736,743,10479
26141,216,54,270
26143,526,78,604
26145,16271,796,17067
26147,6831,714,7545
26149,963,265,1228
26151,1244,215,1459
26153,121,64,185
26155,1598,243,1841
26157,2352,234,2586
26159,1126,321,1447
26161,36300,920,37220
26163,99293,7669,106962
26165,1028,80,1108
27001,436,97,533
27003,14434,710,15144
27005,1577,280,1857
27007,3719,237,3956
27009,2015,292,2307
27011,208,74,282
27013,4485,294,4779
27015,2014,271,2285
27017,1228,168,1396
27019,3157,203,3360
27021,716,29,745
27023,454,113,567
27025,2972,209,3181
27027,2947,234,3181
27029,182,41,223
27031,66,60,126
27033,517,132,649
27035,4915,178,5093
27037,18215,825,19040
27039,177,74,251
27041,2091,238,2329
27043,320,96,416
27045,716,228,944
27047,1153,240,1393
27049,2724,381,3105
27051,154,37,191
27053,114380,5452,119832
27055,785,170,955
27057,439,76,515
27059,1004,124,1128
27061,3007,201,3208
27063,315,64,379
27065,247,78,325
27067,3498,387,3885
27069,32,80,112
27071,464,78,542
27073,215,106,321
27075,298,113,411
27077,64,24,88
27079,555,90,645
27081,105,85,190
27083,1371,181,1552
27085,1466,250,1716
27087,212,26,238
27089,79,35,114
27091,1256,107,1363
27093,978,174,1152
27095,1686,205,1891
27097,990,221,1211
27099,1222,201,1423
27101,230,48,278
27103,1329,57,1386
27105,806,115,921
27107,328,80,408
27109,16683,642,17325
27111,3814,480,4294
27113,458,95,553
27115,873,72,945
27117,435,116,551
27119,1463,277,1740
27121,348,80,428
27123,48974,2736,51710
27125,0,0,0
27127,614,160,774
27129,516,214,730
27131,2379,318,2697
27133,422,161,583
27135,275,125,400
27137,21457,1079,22536
27139,2937,337,3274
27141,2728,391,3119
27143,291,65,356
27145,15153,721,15874
27147,1791,147,1938
27149,1158,62,1220
27151,300,75,375
27153,903,177,1080
27155,158,71,229
27157,451,133,584
27159,502,97,599
27161,584,102,686
27163,8967,576,9543
27165,324,81,405
27167,258,73,331
27169,1796,262,2058
27171,4778,397,5175
27173,324,120,444
28001,980,216,1196
28003,1040,255,1295
28005,118,78,196
28007,382,86,468
28009,0,50,50
28011,940,363,1303
28013,131,106,237
28015,44,45,89
28017,90,120,210
28019,28,57,85
28021,53,66,119
28023,102,103,205
28025,302,146,448
28027,831,147,978
28029,521,154,675
28031,125,102,227
28033,5222,350,5572
28035,4081,600,4681
28037,25,48,73
28039,319,83,402
28041,19,132,151
28043,619,217,836
28045,394,159,553
28047,13559,783,14342
28049,28138,1599,29737
28051,312,132,444
28053,52,87,139
28055,0,20,20
28057,525,153,678
28059,3090,431,3521
28061,49,102,151
28063,73,46,119
28065,23,67,90
28067,1086,362,1448
28069,18,48,66
28071,1951,131,2082
28073,2167,139,2306
28075,6913,653,7566
28077,120,55,175
28079,742,128,870
28081,3597,525,4122
28083,1006,371,1377
28085,991,280,1271
28087,1864,417,2281
28089,3923,228,4151
28091,507,322,829
28093,430,157,587
28095,795,248,1043
28097,231,118,349
28099,298,288,586
28101,374,153,527
28103,34,55,89
28105,1154,148,1302
28107,1080,186,1266
28109,727,284,1011
28111,74,50,124
28113,1393,279,1672
28115,436,144,580
28117,491,124,615
28119,105,87,192
28121,7651,674,8325
28123,368,107,475
28125,50,72,122
28127,1749,136,1885
28129,59,96,155
28131,357,113,470
28133,359,252,611
28135,79,152,231
28137,464,79,543
28139,173,217,390
28141,392,181,573
28143,84,113,197
28145,790,132,922
28147,97,98,195
28149,1310,429,1739
28151,1348,438,1786
28153,209,83,292
28155,96,134,230
28157,29,78,107
28159,179,200,379
28161,23,105,128
28163,458,309,767
29001,1212,132,1344
29003,199,128,327
29005,136,71,207
29007,538,136,674
29009,400,228,628
29011,171,102,273
29013,440,148,588
29015,282,204,486
29017,213,102,315
29019,15505,640,16145
29021,6985,576,7561
29023,2063,313,2376
29025,49,93,142
29027,794,177,971
29029,1114,198,1312
29031,8643,721,9364
29033,209,103,312
29035,97,39,136
29037,1956,740,2696
29039,371,171,542
29041,260,210,470
29043,1457,203,1660
29045,70,60,130
29047,11879,1004,12883
29049,473,290,763
29051,3939,424,4363
29053,482,200,682
29055,518,173,691
29057,12,115,127
29059,199,149,348
29061,40,40,80
29063,321,79,400
29065,476,113,589
29067,279,80,359
29069,1305,440,1745
29071,2819,595,3414
29073,401,193,594
29075,446,53,499
29077,27790,1923,29713
29079,365,164,529
29081,225,67,292
29083,833,152,985
29085,0,108,108
29087,0,76,76
29089,497,63,560
29091,2526,443,2969
29093,424,154,578
29095,46772,4470,51242
29097,3361,813,4174
29099,4178,1083,5261
29101,921,273,1194
29103,21,38,59
29105,802,173,975
29107,940,284,1224
29109,769,202,971
29111,34,139,173
29113,651,287,938
29115,377,134,511
29117,461,192,653
29119,88,69,157
29121,295,165,460
29123,231,173,404
29125,100,62,162
29127,1906,471,2377
29129,65,49,114
29131,457,217,674
29133,311,152,463
29135,239,132,371
29137,86,74,160
29139,287,167,454
29141,132,182,314
29143,841,370,1211
29145,1808,263,2071
29147,552,175,727
29149,293,59,352
29151,217,102,319
29153,24,50,74
29155,405,139,544
29157,449,193,642
29159,1849,502,2351
29161,1773,325,2098
29163,548,89,637
29165,2795,532,3327
29167,998,311,1309
29169,675,144,819
29171,13,52,65
29173,173,56,229
29175,822,285,1107
29177,211,191,402
29179,20,32,52
29181,296,48,344
29183,13324,1291,14615
29185,168,91,259
29186,505,144,649
29187,4106,646,4752
29189,74321,6848,81169
29195,927,187,1114
29197,0,37,37
29199,0,40,40
29201,1477,257,1734
29203,134,40,174
29205,17,95,112
29207,1116,254,1370
29209,338,127,465
29211,124,92,216
29213,821,284,1105
29215,489,133,622
29217,392,193,585
29219,433,100,533
29221,181,133,314
29223,243,111,354
29225,285,195,480
29227,0,30,30
29229,454,118,572
29510,30409,2603,33012
30001,245,55,300
30003,174,55,229
30005,41,36,77
30007,21,0,21
30009,122,39,161
30011,0,0,0
30013,5769,452,6221
30015,17,0,17
30017,499,87,586
30019,15,0,15
30021,241,99,340
30023,482,21,503
30025,0,0,0
30027,330,147,477
30029,6402,484,6886
30031,3199,149,3348
30033,0,0,0
30035,63,47,110
30037,0,0,0
30039,0,0,0
30041,492,73,565
30043,272,57,329
30045,0,0,0
30047,568,107,675
30049,4863,181,5044
30051,0,0,0
30053,640,113,753
30055,0,0,0
30057,148,46,194
30059,0,0,0
30061,18,0,18
30063,5175,395,5570
30065,39,0,39
30067,478,53,531
30069,0,0,0
30071,0,40,40
30073,41,44,85
30075,0,20,20
30077,38,40,78
30079,0,0,0
30081,1011,117,1128
30083,192,51,243
30085,337,47,384
30087,33,24,57
30089,328,58,386
30091,110,38,148
30093,1565,233,1798
30095,147,37,184
30097,4,0,4
30099,30,0,30
30101,96,45,141
30103,0,0,0
30105,243,60,303
30107,0,0,0
30109,0,28,28
30111,12462,726,13188
31001,1031,163,1194
31003,58,37,95
31005,0,0,0
31007,0,0,0
31009,0,0,0
31011,51,88,139
31013,90,96,186
31015,21,23,44
31017,40,20,60
31019,3572,292,3864
31021,30,73,103
31023,44,110,154
31025,319,128,447
31027,23,110,133
31029,3,79,82
31031,42,50,92
31033,49,56,105
31035,29,54,83
31037,69,37,106
31039,34,99,133
31041,356,75,431
31043,393,177,570
31045,91,55,146
31047,1175,174,1349
31049,0,0,0
31051,0,64,64
31053,1253,290,1543
31055,44632,2405,47037
31057,0,23,23
31059,48,97,145
31061,0,26,26
31063,11,0,11
31065,138,52,190
31067,1073,179,1252
31069,0,26,26
31071,25,58,83
31073,4,32,36
31075,0,0,0
31077,0,20,20
31079,2694,261,2955
31081,218,91,309
31083,43,38,81
31085,0,0,0
31087,0,26,26
31089,422,100,522
31091,0,23,23
31093,233,53,286
31095,56,99,155
31097,90,44,134
31099,27,58,85
31101,71,37,108
31103,0,0,0
31105,15,44,59
31107,201,112,313
31109,21684,1166,22850
31111,1386,277,1663
31113,0,0,0
31115,0,0,0
31117,0,0,0
31119,3154,316,3470
31121,230,92,322
31123,15,71,86
31125,126,95,221
31127,120,58,178
31129,58,44,102
31131,445,139,584
31133,0,25,25
31135,24,26,50
31137,498,170,668
31139,42,80,122
31141,1095,155,1250
31143,40,66,106
31145,248,91,339
31147,186,116,302
31149,0,18,18
31151,71,76,147
31153,3566,547,4113
31155,376,211,587
31157,1255,285,1540
31159,540,139,679
31161,22,106,128
31163,0,50,50
31165,0,0,0
31167,22,57,79
31169,212,73,285
31171,0,0,0
31173,9,66,75
31175,49,26,75
31177,325,125,450
31179,80,44,124
31181,110,64,174
31183,0,0,0
31185,459,162,621
32001,336,57,393
32003,77899,4279,82178
32005,943,47,990
32007,1009,100,1109
32009,0,0,0
32011,0,0,0
32013,126,38,164
32015,20,21,41
32017,22,13,35
32019,483,33,516
32021,0,23,23
32023,374,75,449
32027,0,22,22
32029,0,0,0
32031,22573,895,23468
32033,60,30,90
32510,2486,350,2836
33001,2432,376,2808
33003,1036,318,1354
33005,2054,441,2495
33007,1506,443,1949
33009,11432,585,12017
33011,26806,2272,29078
33013,9737,990,10727
33015,13521,945,14466
33017,3997,663,4660
33019,633,284,917
34001,17094,1599,18693
34003,70597,3886,74483
34005,26237,1915,28152
34007,37732,2875,40607
34009,2678,888,3566
34011,5567,1065,6632
34013,48664,3770,52434
34015,9587,1095,10682
34017,19021,1810,20831
34019,5127,281,5408
34021,24535,1794,26329
34023,44269,2953,47222
34025,42048,3244,45292
34027,31540,2271,33811
34029,32629,3445,36074
34031,22184,2300,24484
34033,1674,506,2180
34035,21125,1601,22726
34037,4092,750,4842
34039,27557,2522,30079
34041,2586,609,3195
35001,40610,2397,43007
35003,0,0,0
35005,2847,267,3114
35006,858,145,1003
35007,109,90,199
35009,1551,317,1868
35011,0,0,0
35013,9818,504,10322
35015,1588,160,1748
35017,653,210,863
35019,32,20,52
35021,0,0,0
35023,63,0,63
35025,1044,198,1242
35027,129,0,129
35028,444,48,492
35029,354,50,404
35031,3744,136,3880
35033,109,0,109
35035,1247,176,1423
35037,73,8,81
35039,905,0,905
35041,312,54,366
35043,2010,212,2222
35045,5685,364,6049
35047,665,206,871
35049,6504,271,6775
35051,193,193,386
35053,534,53,587
35055,950,80,1030
35057,70,0,70
35059,0,32,32
35061,975,106,1081
36001,31322,1736,33058
36003,972,328,1300
36005,82543,12546,95089
36007,13581,1614,15195
36009,1778,531,2309
36011,2607,477,3084
36013,6750,1008,7758
36015,6059,681,6740
36017,988,422,1410
36019,2450,450,2900
36021,2638,501,3139
36023,1227,349,1576
36025,1355,348,1703
36027,17451,1957,19408
36029,63475,6513,69988
36031,1406,268,1674
36033,1445,204,1649
36035,2515,317,2832
36037,1749,500,2249
36039,996,284,1280
36041,27,0,27
36043,1778,491,2269
36045,4871,529,5400
36047,167960,11348,179308
36049,237,137,374
36051,990,304,1294
36053,1537,311,1848
36055,58533,4921,63454
36057,2151,564,2715
36059,110115,6164,116279
36061,192114,6766,198880
36063,8899,1451,10350
36065,16345,2256,18601
36067,35161,2966,38127
36069,7076,680,7756
36071,18785,1132,19917
36073,658,245,903
36075,2674,443,3117
36077,5812,361,6173
36079,3116,286,3402
36081,113378,10598,123976
36083,5174,1168,6342
36085,26480,2815,29295
36087,23238,1364,24602
36089,5142,542,5684
36091,7410,600,8010
36093,9770,1082,10852
36095,599,0,599
36097,377,114,491
36099,594,68,662
36101,4608,598,5206
36103,93383,7692,101075
36105,3176,443,3619
36107,929,216,1145
36109,3393,371,3764
36111,7889,1108,8997
36113,3225,371,3596
36115,1466,497,1963
36117,1222,525,1747
36119,72561,5271,77832
36121,626,226,852
36123,323,303,626
37001,8305,763,9068
37003,515,94,609
37005,180,70,250
37007,679,152,831
37009,576,149,725
37011,507,72,579
37013,1796,310,2106
37015,637,102,739
37017,648,140,788
37019,2431,415,2846
37021,25496,1641,27137
37023,5287,402,5689
37025,5210,584,5794
37027,2064,349,2413
37029,17,0,17
37031,1947,223,2170
37033,315,113,428
37035,8015,679,8694
37037,1970,221,2191
37039,553,144,697
37041,983,87,1070
37043,302,83,385
37045,4609,575,5184
37047,1760,233,1993
37049,3563,503,4066
37051,16472,983,17455
37053,170,63,233
37055,876,71,947
37057,2591,788,3379
37059,863,189,1052
37061,1430,199,1629
37063,25289,1106,26395
37065,2038,318,2356
37067,35164,1478,36642
37069,586,181,767
37071,10554,950,11504
37073,79,56,135
37075,131,58,189
37077,1212,220,1432
37079,456,96,552
37081,31222,1982,33204
37083,1606,298,1904
37085,2262,422,2684
37087,1570,501,2071
37089,4023,634,4657
37091,1443,146,1589
37093,1017,115,1132
37095,25,32,57
37097,8146,625,8771
37099,876,170,1046
37101,3178,535,3713
37103,177,60,237
37105,1865,241,2106
37107,2727,290,3017
37109,1559,269,1828
37111,761,205,966
37113,667,132,799
37115,550,173,723
37117,567,104,671
37119,60336,2684,63020
37121,310,117,427
37123,587,142,729
37125,4883,648,5531
37127,4641,378,5019
37129,10045,893,10938
37131,531,130,661
37133,4352,230,4582
37135,3375,280,3655
37137,275,76,351
37139,1476,198,1674
37141,997,221,1218
37143,121,51,172
37145,765,221,986
37147,14506,490,14996
37149,1082,144,1226
37151,2732,529,3261
37153,910,241,1151
37155,3928,548,4476
37157,1632,550,2182
37159,4199,814,5013
37161,1521,426,1947
37163,1145,205,1350
37165,1142,173,1315
37167,1585,429,2014
37169,859,318,1177
37171,2165,424,2589
37173,94,130,224
37175,919,143,1062
37177,11,0,11
37179,3193,577,3770
37181,1030,205,1235
37183,52354,1970,54324
37185,457,136,593
37187,368,94,462
37189,1767,159,1926
37191,6352,547,6899
37193,1599,328,1927
37195,2776,486,3262
37197,753,174,927
37199,389,85,474
38001,115,40,155
38003,692,174,866
38005,0,0,0
38007,0,0,0
38009,36,42,78
38011,188,34,222
38013,0,0,0
38015,5889,613,6502
38017,17524,713,18237
38019,13,36,49
38021,285,103,388
38023,0,29,29
38025,0,56,56
38027,181,54,235
38029,122,45,167
38031,40,59,99
38033,0,0,0
38035,6562,463,7025
38037,14,0,14
38039,0,35,35
38041,16,38,54
38043,0,0,0
38045,190,36,226
38047,35,33,68
38049,27,37,64
38051,32,76,108
38053,91,38,129
38055,196,69,265
38057,365,81,446
38059,1863,375,2238
38061,219,29,248
38063,201,106,307
38065,11,0,11
38067,264,70,334
38069,21,44,65
38071,550,117,667
38073,255,125,380
38075,26,42,68
38077,565,74,639
38079,185,62,247
38081,23,36,59
38083,0,0,0
38085,45,0,45
38087,0,0,0
38089,1339,233,1572
38091,0,0,0
38093,1658,224,1882
38095,0,26,26
38097,79,174,253
38099,398,128,526
38101,2312,256,2568
38103,58,63,121
38105,927,140,1067
39001,508,231,739
39003,8681,802,9483
39005,2056,404,2460
39007,4119,998,5117
39009,2117,349,2466
39011,1241,345,1586
39013,3605,613,4218
39015,673,450,1123
39017,15112,2006,17118
39019,860,127,987
39021,493,246,739
39023,5667,1075,6742
39025,4296,1438,5734
39027,1116,276,1392
39029,2929,670,3599
39031,1014,225,1239
39033,2621,340,2961
39035,126738,10002,136740
39037,1515,352,1867
39039,1647,245,1892
39041,5523,475,5998
39043,2596,966,3562
39045,4347,817,5164
39047,591,347,938
39049,109776,5515,115291
39051,1099,343,1442
39053,1079,220,1299
39055,2994,567,3561
39057,7213,788,8001
39059,1695,141,1836
39061,75770,5985,81755
39063,3713,518,4231
39065,444,197,641
39067,306,180,486
39069,899,180,1079
39071,909,295,1204
39073,556,135,691
39075,941,480,1421
39077,1316,388,1704
39079,736,250,986
39081,2165,551,2716
39083,1587,518,2105
39085,9522,1309,10831
39087,2167,319,2486
39089,4021,793,4814
39091,1078,326,1404
39093,13077,1559,14636
39095,34076,2884,36960
39097,494,179,673
39099,16606,2035,18641
39101,2836,447,3283
39103,5970,814,6784
39105,446,169,615
39107,1296,318,1614
39109,2359,462,2821
39111,219,71,290
39113,49284,3817,53101
39115,446,116,562
39117,435,301,736
39119,3076,534,3610
39121,303,81,384
39123,1231,260,1491
39125,279,59,338
39127,582,175,757
39129,1010,323,1333
39131,963,196,1159
39133,3736,688,4424
39135,926,188,1114
39137,899,240,1139
39139,4969,864,5833
39141,3307,476,3783
39143,1957,518,2475
39145,4490,717,5207
39147,1575,483,2058
39149,1100,265,1365
39151,25090,2906,27996
39153,36859,3353,40212
39155,8617,1398,10015
39157,3034,748,3782
39159,1078,247,1325
39161,1041,177,1218
39163,142,64,206
39165,8381,1422,9803
39167,1950,384,2334
39169,3622,826,4448
39171,853,271,1124
39173,4404,833,5237
39175,411,183,594
40001,176,65,241
40003,89,0,89
40005,88,62,150
40007,16,38,54
40009,472,139,611
40011,164,70,234
40013,1050,270,1320
40015,442,172,614
40017,1876,387,2263
40019,1862,284,2146
40021,939,330,1269
40023,852,140,992
40025,0,0,0
40027,11021,883,11904
40029,16,57,73
40031,5408,433,5841
40033,62,38,100
40035,760,96,856
40037,1602,452,2054
40039,1332,196,1528
40041,918,319,1237
40043,9,60,69
40045,22,39,61
40047,1958,566,2524
40049,594,164,758
40051,1058,281,1339
40053,0,72,72
40055,36,37,73
40057,0,37,37
40059,0,31,31
40061,360,75,435
40063,558,108,666
40065,461,167,628
40067,29,28,57
40069,418,42,460
40071,1370,276,1646
40073,302,142,444
40075,63,143,206
40077,184,67,251
40079,1333,369,1702
40081,311,171,482
40083,605,191,796
40085,11,70,81
40087,568,122,690
40089,799,169,968
40091,703,154,857
40093,17,64,81
40095,432,77,509
40097,804,273,1077
40099,221,135,356
40101,5576,701,6277
40103,38,64,102
40105,230,54,284
40107,369,150,519
40109,47790,2856,50646
40111,1484,326,1810
40113,355,102,457
40115,1010,243,1253
40117,209,131,340
40119,1486,185,1671
40121,1426,380,1806
40123,1405,189,1594
40125,1548,437,1985
40127,466,88,554
40129,0,0,0
40131,1479,411,1890
40133,735,209,944
40135,1095,264,1359
40137,1268,384,1652
40139,162,43,205
40141,41,22,63
40143,44717,2577,47294
40145,591,107,698
40147,1711,333,2044
40149,255,119,374
40151,45,93,138
40153,460,143,603
41001,470,0,470
41003,2946,47,2993
41005,21439,869,22308
41007,1024,25,1049
41009,955,60,1015
41011,3698,145,3843
41013,217,29,246
41015,726,47,773
41017,6090,230,6320
41019,5786,359,6145
41021,20,0,20
41023,145,18,163
41025,137,22,159
41027,1001,60,1061
41029,14432,474,14906
41031,357,16,373
41033,3690,349,4039
41035,1786,114,1900
41037,40,20,60
41039,19707,929,20636
41041,804,38,842
41043,3107,358,3465
41045,687,22,709
41047,18244,619,18863
41049,146,0,146
41051,59034,2486,61520
41053,2242,127,2369
41055,0,0,0
41057,342,24,366
41059,2920,174,3094
41061,779,27,806
41063,247,0,247
41065,1087,214,1301
41067,28124,700,28824
41069,0,0,0
41071,3114,239,3353
42001,3499,621,4120
42003,113280,7348,120628
42005,2030,324,2354
42007,6231,1054,7285
42009,1073,183,1256
42011,20876,1991,22867
42013,10728,1320,12048
42015,4270,321,4591
42017,40500,2646,43146
42019,13082,1206,14288
42021,9138,763,9901
42023,61,27,88
42025,1682,383,2065
42027,5907,596,6503
42029,31490,2358,33848
42031,1531,196,1727
42033,3416,524,3940
42035,769,226,995
42037,1877,508,2385
42039,3543,737,4280
42041,14284,1679,15963
42043,28764,1194,29958
42045,36246,2917,39163
42047,658,257,915
42049,19633,2391,22024
42051,4616,610,5226
42053,0,90,90
42055,7392,856,8248
42057,113,81,194
42059,812,195,1007
42061,1348,255,1603
42063,2618,382,3000
42065,1927,331,2258
42067,469,197,666
42069,16833,1739,18572
42071,33508,3358,36866
42073,3397,786,4183
42075,8153,958,9111
42077,38846,2271,41117
42079,22468,2053,24521
42081,7650,883,8533
42083,2240,478,2718
42085,8711,1061,9772
42087,2197,377,2574
42089,4308,368,4676
42091,73457,5571,79028
42093,7769,237,8006
42095,14018,1724,15742
42097,2890,787,3677
42099,542,197,739
42101,131427,8512,139939
42103,744,71,815
42105,275,132,407
42107,5995,1305,7300
42109,852,140,992
42111,2913,530,3443
42113,181,152,333
42115,449,196,645
42117,829,228,1057
42119,1924,266,2190
42121,1979,438,2417
42123,2479,346,2825
42125,10891,1283,12174
42127,1284,257,1541
42129,16965,2062,19027
42131,487,104,591
42133,23394,1892,25286
44001,1409,502,1911
44003,8643,1334,9977
44005,2984,622,3606
44007,49996,5151,55147
44009,4168,813,4981
45001,273,79,352
45003,4066,876,4942
45005,121,27,148
45007,8243,877,9120
45009,334,111,445
45011,380,185,565
45013,7004,387,7391
45015,2521,232,2753
45017,334,179,513
45019,28875,1483,30358
45021,635,258,893
45023,308,89,397
45025,1177,234,1411
45027,728,154,882
45029,433,305,738
45031,2125,384,2509
45033,485,164,649
45035,2842,401,3243
45037,205,106,311
45039,330,186,516
45041,13000,799,13799
45043,2378,246,2624
45045,25633,1872,27505
45047,1833,338,2171
45049,246,85,331
45051,10808,736,11544
45053,508,124,632
45055,1166,249,1415
45057,1711,256,1967
45059,1199,428,1627
45061,72,132,204
45063,13204,805,14009
45065,0,100,100
45067,515,174,689
45069,517,131,648
45071,766,280,1046
45073,1210,286,1496
45075,2192,541,2733
45077,2197,433,2630
45079,26574,1439,28013
45081,319,167,486
45083,12792,1470,14262
45085,2915,667,3582
45087,103,168,271
45089,429,183,612
45091,6341,767,7108
46003,11,32,43
46005,881,81,962
46007,0,38,38
46009,192,101,293
46011,874,165,1039
46013,2925,308,3233
46015,190,43,233
46017,0,0,0
46019,230,67,297
46021,0,0,0
46023,223,113,336
46025,25,28,53
46027,434,157,591
46029,1200,193,1393
46031,0,0,0
46033,77,54,131
46035,828,191,1019
46037,209,115,324
46039,0,35,35
46041,43,24,67
46043,0,77,77
46045,13,64,77
46047,84,117,201
46049,0,38,38
46051,368,99,467
46053,83,35,118
46055,25,27,52
46057,42,96,138
46059,133,39,172
46061,0,0,0
46063,86,0,86
46065,1077,131,1208
46067,248,120,368
46069,0,36,36
46071,0,26,26
46073,0,30,30
46075,0,0,0
46077,27,76,103
46079,271,58,329
46081,1167,80,1247
46083,2139,96,2235
46085,0,0,0
46087,61,116,177
46089,3,53,56
46091,11,45,56
46093,184,59,243
46095,0,37,37
46097,36,40,76
46099,22968,959,23927
46101,139,50,189
46102,121,0,121
46103,8585,521,9106
46105,100,46,146
46107,14,38,52
46109,211,68,279
46111,0,43,43
46113,0,0,0
46115,16,76,92
46117,0,0,0
46119,0,0,0
46121,113,0,113
46123,197,44,241
46125,173,130,303
46127,761,154,915
46129,39,46,85
46135,753,221,974
46137,41,0,41
47001,2839,609,3448
47003,725,178,903
47005,483,89,572
47007,62,53,115
47009,3076,485,3561
47011,3728,375,4103
47013,1339,317,1656
47015,98,77,175
47017,1087,266,1353
47019,1250,438,1688
47021,530,123,653
47023,396,97,493
47025,753,249,1002
47027,41,53,94
47029,754,130,884
47031,2015,288,2303
47033,367,162,529
47035,2009,309,2318
47037,71634,2172,73806
47039,982,136,1118
47041,458,123,581
47043,1540,222,1762
47045,1158,275,1433
47047,427,162,589
47049,282,108,390
47051,896,151,1047
47053,1276,544,1820
47055,596,189,785
47057,36,107,143
47059,2617,493,3110
47061,266,97,363
47063,2326,293,2619
47065,28075,1304,29379
47067,57,28,85
47069,447,133,580
47071,654,326,980
47073,874,223,1097
47075,378,77,455
47077,583,129,712
47079,688,222,910
47081,489,185,674
47083,41,126,167
47085,415,140,555
47087,33,44,77
47089,839,369,1208
47091,422,99,521
47093,33349,1663,35012
47095,63,174,237
47097,365,100,465
47099,898,255,1153
47101,408,117,525
47103,470,212,682
47105,1086,142,1228
47107,1303,311,1614
47109,579,237,816
47111,404,148,552
47113,10969,496,11465
47115,488,104,592
47117,434,124,558
47119,4999,448,5447
47121,32,46,78
47123,898,236,1134
47125,6606,518,7124
47127,0,51,51
47129,111,86,197
47131,672,173,845
47133,241,114,355
47135,111,87,198
47137,33,50,83
47139,100,87,187
47141,2618,453,3071
47143,890,202,1092
47145,1287,211,1498
47147,1175,283,1458
47149,12421,746,13167
47151,582,137,719
47153,69,90,159
47155,1515,329,1844
47157,63448,3210,66658
47159,208,93,301
47161,83,56,139
47163,11182,709,11891
47165,5477,734,6211
47167,856,214,1070
47169,167,44,211
47171,389,215,604
47173,43,63,106
47175,0,70,70
47177,943,200,1143
47179,12091,804,12895
47181,649,115,764
47183,875,324,1199
47185,214,215,429
47187,13350,416,13766
47189,2721,508,3229
48001,1682,394,2076
48003,66,63,129
48005,5393,580,5973
48007,287,137,424
48009,17,0,17
48011,0,37,37
48013,979,342,1321
48015,477,114,591
48017,20,36,56
48019,237,101,338
48021,1158,442,1600
48023,16,45,61
48025,587,138,725
48027,22412,1278,23690
48029,98987,6312,105299
48031,47,36,83
48033,0,0,0
48035,457,247,704
48037,6758,497,7255
48039,7964,999,8963
48041,8856,528,9384
48043,72,0,72
48045,0,0,0
48047,88,45,133
48049,2273,473,2746
48051,228,127,355
48053,1274,195,1469
48055,941,301,1242
48057,302,148,450
48059,101,65,166
48061,21554,1119,22673
48063,52,50,102
48065,0,0,0
48067,1039,255,1294
48069,0,84,84
48071,598,102,700
48073,2230,462,2692
48075,43,48,91
48077,9,36,45
48079,15,0,15
48081,0,67,67
48083,84,93,177
48085,41874,1867,43741
48087,0,42,42
48089,483,242,725
48091,5315,664,5979
48093,101,102,203
48095,0,44,44
48097,702,210,912
48099,629,381,1010
48101,0,0,0
48103,33,75,108
48105,0,29,29
48107,0,55,55
48109,0,0,0
48111,7,52,59
48113,159742,7360,167102
48115,32,37,69
48117,79,57,136
48119,161,58,219
48121,25456,1363,26819
48123,478,254,732
48125,0,0,0
48127,138,56,194
48129,15,53,68
48131,475,115,590
48133,612,153,765
48135,6279,546,6825
48137,0,0,0
48139,3029,834,3863
48141,35306,2071,37377
48143,987,213,1200
48145,239,81,320
48147,564,398,962
48149,713,317,1030
48151,0,0,0
48153,19,21,40
48155,0,39,39
48157,22545,1000,23545
48159,4430,32,4462
48161,389,151,540
48163,103,129,232
48165,64,30,94
48167,12414,1008,13422
48169,47,24,71
48171,952,222,1174
48173,0,0,0
48175,17,49,66
48177,361,185,546
48179,466,130,596
48181,7958,802,8760
48183,10000,1095,11095
48185,182,183,365
48187,2250,696,2946
48189,546,163,709
48191,0,36,36
48193,236,124,360
48195,0,53,53
48197,8,0,8
48199,720,369,1089
48201,225652,10045,235697
48203,983,240,1223
48205,47,0,47
48207,0,36,36
48209,6281,466,6747
48211,12,29,41
48213,1538,383,1921
48215,43875,2163,46038
48217,804,276,1080
48219,363,118,481
48221,1479,325,1804
48223,651,267,918
48225,338,188,526
48227,824,255,1079
48229,0,0,0
48231,2012,376,2388
48233,270,118,388
48235,0,0,0
48237,70,39,109
48239,152,166,318
48241,2291,230,2521
48243,0,0,0
48245,15742,1090,16832
48247,0,53,53
48249,4424,283,4707
48251,2247,720,2967
48253,518,67,585
48255,310,143,453
48257,2204,483,2687
48259,1525,367,1892
48261,0,0,0
48263,0,41,41
48265,3507,387,3894
48267,19,0,19
48269,0,0,0
48271,0,0,0
48273,969,211,1180
48275,0,88,88
48277,2135,396,2531
48279,353,135,488
48281,437,82,519
48283,59,57,116
48285,659,356,1015
48287,241,87,328
48289,45,31,76
48291,1171,333,1504
48293,698,264,962
48295,0,33,33
48297,24,79,103
48299,466,131,597
48301,0,0,0
48303,21566,1208,22774
48305,14,0,14
48307,77,41,118
48309,13668,1692,15360
48311,0,0,0
48313,146,93,239
48315,309,81,390
48317,0,0,0
48319,91,0,91
48321,736,272,1008
48323,2425,246,2671
48325,528,177,705
48327,0,31,31
48329,6281,482,6763
48331,1040,152,1192
48333,127,83,210
48335,26,51,77
48337,193,184,377
48339,18670,920,19590
48341,163,83,246
48343,76,44,120
48345,0,36,36
48347,1809,400,2209
48349,1650,475,2125
48351,47,71,118
48353,198,135,333
48355,23560,1285,24845
48357,47,30,77
48359,0,0,0
48361,1195,368,1563
48363,380,153,533
48365,386,159,545
48367,2112,612,2724
48369,56,97,153
48371,48,71,119
48373,1009,299,1308
48375,12369,834,13203
48377,24,0,24
48379,63,36,99
48381,2654,235,2889
48383,0,34,34
48385,11,82,93
48387,98,102,200
48389,101,58,159
48391,119,53,172
48393,0,0,0
48395,267,157,424
48397,4417,440,4857
48399,61,128,189
48401,842,239,1081
48403,180,118,298
48405,311,163,474
48407,15,61,76
48409,977,132,1109
48411,18,47,65
48413,0,28,28
48415,156,93,249
48417,47,0,47
48419,436,171,607
48421,0,22,22
48423,18853,1337,20190
48425,66,125,191
48427,955,136,1091
48429,83,37,120
48431,0,30,30
48433,0,27,27
48435,0,0,0
48437,55,25,80
48439,94959,6298,101257
48441,11109,865,11974
48443,0,0,0
48445,192,120,312
48447,0,0,0
48449,1218,202,1420
48451,6787,931,7718
48453,60483,2935,63418
48455,230,163,393
48457,312,122,434
48459,532,109,641
48461,0,25,25
48463,852,135,987
48465,1433,245,1678
48467,934,350,1284
48469,5914,357,6271
48471,1428,181,1609
48473,1104,67,1171
48475,5,52,57
48477,1370,233,1603
48479,9771,645,10416
48481,1155,311,1466
48483,29,34,63
48485,10666,896,11562
48487,207,139,346
48489,291,68,359
48491,19039,1187,20226
48493,753,379,1132
48495,8,0,8
48497,996,291,1287
48499,783,265,1048
48501,11,49,60
48503,702,168,870
48505,56,61,117
48507,114,24,138
49001,62,0,62
49003,973,149,1122
49005,3682,253,3935
49007,577,107,684
49009,0,0,0
49011,10131,407,10538
49013,329,57,386
49015,93,27,120
49017,41,16,57
49019,81,66,147
49021,1653,94,1747
49023,248,26,274
49025,34,0,34
49027,97,51,148
49029,66,0,66
49031,0,0,0
49033,0,0,0
49035,59097,2443,61540
49037,531,48,579
49039,380,63,443
49041,520,97,617
49043,798,0,798
49045,1034,119,1153
49047,359,98,457
49049,23245,728,23973
49051,484,79,563
49053,6226,440,6666
49055,0,0,0
49057,10081,666,10747
50001,1215,107,1322
50003,2095,317,2412
50005,1050,154,1204
50007,7245,529,7774
50009,43,0,43
50011,1624,137,1761
50013,21,0,21
50015,887,100,987
50017,755,49,804
50019,1093,215,1308
50021,2295,327,2622
50023,2728,324,3052
50025,2917,200,3117
50027,3942,184,4126
51001,907,119,1026
51003,6445,488,6933
51005,641,218,859
51007,187,86,273
51009,322,114,436
51011,416,76,492
51013,5278,542,5820
51015,1563,173,1736
51017,0,59,59
51019,1596,214,1810
51021,89,49,138
51023,909,155,1064
51025,173,80,253
51027,380,107,487
51029,298,55,353
51031,733,157,890
51033,84,109,193
51035,490,97,587
51036,0,0,0
51037,285,50,335
51041,10049,616,10665
51043,217,108,325
51045,0,0,0
51047,1132,236,1368
51049,46,0,46
51051,120,81,201
51053,291,0,291
51057,148,53,201
51059,49714,1035,50749
51061,965,208,1173
51063,212,82,294
51065,91,40,131
51067,822,277,1099
51069,1478,113,1591
51071,102,142,244
51073,803,247,1050
51075,249,274,523
51077,42,112,154
51079,78,77,155
51081,0,0,0
51083,996,287,1283
51085,3781,487,4268
51087,21980,1258,23238
51089,807,91,898
51091,0,0,0
51093,407,250,657
51095,3426,362,3788
51097,0,0,0
51099,278,97,375
51101,204,82,286
51103,605,209,814
51105,176,110,286
51107,9567,374,9941
51109,259,95,354
51111,81,0,81
51113,225,114,339
51115,178,55,233
51117,806,352,1158
51119,181,175,356
51121,2662,232,2894
51125,122,0,122
51127,83,0,83
51131,360,181,541
51133,141,0,141
51135,486,171,657
51137,348,136,484
51139,339,96,435
51141,439,161,600
51143,802,152,954
51145,183,0,183
51147,1261,267,1528
51149,346,0,346
51153,9409,412,9821
51155,716,248,964
51157,19,0,19
51159,62,67,129
51161,3441,380,3821
51163,357,11,368
51165,1938,218,2156
51167,939,47,986
51169,620,178,798
51171,982,227,1209
51173,454,250,704
51175,32,59,91
51177,2820,281,3101
51179,2306,191,2497
51181,11,0,11
51183,192,82,274
51185,1189,200,1389
51187,809,162,971
51191,1600,172,1772
51193,77,139,216
51195,1001,296,1297
51197,940,228,1168
51199,1178,116,1294
51510,3548,457,4005
51515,0,0,0
51520,741,201,942
51530,46,77,123
51540,895,171,1066
51550,7065,471,7536
51570,1630,144,1774
51580,68,0,68
51590,3688,691,4379
51595,784,231,1015
51600,3618,206,3824
51610,1979,0,1979
51620,662,89,751
51630,2543,0,2543
51640,944,203,1147
51650,6286,362,6648
51660,2397,305,2702
51670,657,225,882
51678,216,98,314
51680,9326,769,10095
51683,1412,249,1661
51685,0,15,15
51690,1321,366,1687
51700,14122,715,14837
51710,18900,1216,20116
51720,262,0,262
51730,1600,432,2032
51735,46,54,100
51740,3197,318,3515
51750,243,89,332
51760,22084,858,22942
51770,5015,907,5922
51775,2096,421,2517
51790,1183,332,1515
51800,3366,352,3718
51810,17283,1273,18556
51820,334,110,444
51830,630,0,630
51840,3826,126,3952
53001,487,24,511
53003,537,121,658
53005,10003,348,10351
53007,6234,172,6406
53009,2000,262,2262
53011,20510,809,21319
53013,30,20,50
53015,3338,236,3574
53017,621,0,621
53019,17,0,17
53021,1398,55,1453
53023,16,0,16
53025,2557,254,2811
53027,1350,204,1554
53029,1166,42,1208
53031,598,62,660
53033,132473,4309,136782
53035,10838,990,11828
53037,805,58,863
53039,152,0,152
53041,3341,269,3610
53043,45,0,45
53045,820,134,954
53047,1324,172,1496
53049,237,36,273
53051,57,0,57
53053,41513,1991,43504
53055,234,0,234
53057,6559,271,6830
53059,86,0,86
53061,26895,1801,28696
53063,35341,1796,37137
53065,1420,118,1538
53067,9923,634,10557
53069,0,0,0
53071,3890,383,4273
53073,6516,601,7117
53075,1069,72,1141
53077,12786,766,13552
54001,290,90,380
54003,2175,198,2373
54005,288,116,404
54007,91,59,150
54009,701,162,863
54011,12212,577,12789
54013,0,20,20
54015,114,53,167
54017,0,0,0
54019,1318,408,1726
54021,67,59,126
54023,121,110,231
54025,1882,262,2144
54027,381,116,497
54029,952,239,1191
54031,358,54,412
54033,6795,419,7214
54035,558,133,691
54037,692,228,920
54039,17302,967,18269
54041,195,64,259
54043,173,123,296
54045,1125,170,1295
54047,111,120,231
54049,1699,397,2096
54051,804,201,1005
54053,278,174,452
54055,2605,303,2908
54057,740,165,905
54059,237,77,314
54061,14232,355,14587
54063,49,48,97
54065,142,93,235
54067,576,49,625
54069,5869,465,6334
54071,74,80,154
54073,252,52,304
54075,185,60,245
54077,509,159,668
54079,1392,229,1621
54081,5765,423,6188
54083,1065,231,1296
54085,87,36,123
54087,204,90,294
54089,55,124,179
54091,344,107,451
54093,41,75,116
54095,236,85,321
54097,605,122,727
54099,561,76,637
54101,125,57,182
54103,338,94,432
54105,0,24,24
54107,3625,503,4128
54109,138,52,190
55001,259,58,317
55003,753,155,908
55005,1852,278,2130
55007,267,60,327
55009,19549,706,20255
55011,237,26,263
55013,266,82,348
55015,883,56,939
55017,1920,299,2219
55019,524,254,778
55021,1463,350,1813
55023,419,93,512
55025,42024,1123,43147
55027,3954,595,4549
55029,480,130,610
55031,1295,303,1598
55033,1240,174,1414
55035,9142,337,9479
55037,0,50,50
55039,3696,427,4123
55041,58,40,98
55043,1852,411,2263
55045,1007,199,1206
55047,390,75,465
55049,708,97,805
55051,223,90,313
55053,619,92,711
55055,2485,281,2766
55057,630,167,797
55059,7501,659,8160
55061,370,57,427
55063,10316,607,10923
55065,97,46,143
55067,518,58,576
55069,507,239,746
55071,2553,389,2942
55073,8502,574,9076
55075,1650,370,2020
55077,265,35,300
55078,0,20,20
55079,70286,3197,73483
55081,2594,180,2774
55083,1275,149,1424
55085,1599,278,1877
55087,10100,650,10750
55089,5455,230,5685
55091,136,0,136
55093,786,170,956
55095,2472,376,2848
55097,2466,91,2557
55099,484,126,610
55101,8651,585,9236
55103,540,129,669
55105,7335,596,7931
55107,336,107,443
55109,3560,446,4006
55111,3703,331,4034
55113,401,87,488
55115,828,194,1022
55117,4102,472,4574
55119,401,114,515
55121,572,248,820
55123,1506,148,1654
55125,429,6,435
55127,2679,381,3060
55129,523,101,624
55131,4226,316,4542
55133,24402,1203,25605
55135,2051,773,2824
55137,369,0,369
55139,10083,599,10682
55141,11600,320,11920
56001,1234,95,1329
56003,58,162,220
56005,726,166,892
56007,161,61,222
56009,138,71,209
56011,47,29,76
56013,1044,170,1214
56015,451,124,575
56017,76,44,120
56019,103,39,142
56021,5751,378,6129
56023,148,52,200
56025,4854,335,5189
56027,0,0,0
56029,675,155,830
56031,47,46,93
56033,1110,202,1312
56035,51,34,85
56037,891,122,1013
56039,594,37,631
56041,624,56,680
56043,228,62,290
56045,116,53,169
60010,0,0,0
60020,0,0,0
60030,0,0,0
60040,0,0,0
60050,0,0,0
66010,0,7,7
69085,0,0,0
69100,0,0,0
69110,949,0,949
69120,0,0,0
72001,130,0,130
72003,255,0,255
72005,1158,141,1299
72007,45,0,45
72009,259,119,378
72011,208,0,208
72013,2217,188,2405
72015,118,0,118
72017,212,0,212
72019,209,75,284
72021,5003,290,5293
72023,456,0,456
72025,4402,26,4428
72027,265,48,313
72029,284,0,284
72031,2397,40,2437
72033,155,0,155
72035,326,50,376
72037,36,41,77
72039,113,93,206
72041,330,0,330
72043,208,48,256
72045,104,0,104
72047,367,0,367
72049,0,44,44
72051,333,0,333
72053,642,60,702
72054,54,0,54
72055,91,0,91
72057,454,132,586
72059,41,0,41
72061,1400,101,1501
72063,390,0,390
72065,441,0,441
72067,134,109,243
72069,1818,229,2047
72071,387,0,387
72073,74,65,139
72075,414,56,470
72077,208,0,208
72079,118,17,135
72081,295,14,309
72083,43,26,69
72085,244,0,244
72087,172,0,172
72089,71,0,71
72091,3786,55,3841
72093,38,0,38
72095,31,0,31
72097,4251,18,4269
72099,341,0,341
72101,103,0,103
72103,42,37,79
72105,354,0,354
72107,147,0,147
72109,185,18,203
72111,44,0,44
72113,5801,180,5981
72115,134,75,209
72117,124,0,124
72119,244,60,304
72121,172,0,172
72123,78,0,78
72125,637,10,647
72127,15290,539,15829
72129,232,0,232
72131,415,0,415
72133,100,0,100
72135,200,0,200
72137,638,0,638
72139,464,42,506
72141,67,32,99
72143,523,0,523
72145,415,10,425
72147,28,0,28
72149,140,56,196
72151,177,104,281
72153,686,0,686
74300,0,0,0
78010,798,84,882
78020,7,0,7
78030,514,52,566
66050,33,0,33
66060,62,0,62
66070,246,0,246
66075,113,0,113
66090,22,0,22
66160,1325,0,1325
34167,0,3,3
78024,0,17,17